using CSV
SUMO = "sumo"
SUMOGUI = "sumo-gui"
SUMO_HOME = "/media/mSATA/UM/Simulation/sumo"
SUMO_CONFIG = "/media/mSATA/UM/Simulation/f_adjustedwithsign_reduced2_AnnArbor.sumocfg"
#XBOUNDLEFT = 265395
#XBOUNDRIGHT = 281180
#YBOUNDTOP = 4691486
#YBOUNDBOT = 4676351
XBOUNDLEFT = 262000
XBOUNDRIGHT = 291000
YBOUNDTOP = 4694500
YBOUNDBOT = 4670500
BACKGROUND_FILE = "/media/mSATA/UM/Upper routing simulation/SUMOdata/f_background2.png"
data_links = CSV.read("/media/mSATA/UM/Simulation/test_ann_arbor.csv")
data_grades = CSV.read("/media/mSATA/UM/Simulation/test_ann_arbor_grade.csv")

CARICONS = [
   "/home/boqi/Pictures/noun_Car_1822714_000000.png",
   "/home/boqi/Pictures/noun_Car_1822714_51A7F9.png",
   "/home/boqi/Pictures/noun_Car_1822714_70c1b3.png",
   "/home/boqi/Pictures/noun_Car_1822714_70C041.png",
   "/home/boqi/Pictures/noun_Car_1822714_B36AE2.png",
   "/home/boqi/Pictures/noun_Car_1822714_EC5D57.png",
   "/home/boqi/Pictures/noun_Car_1822714_F38F19.png"]
COLORPOOL = [
      (155/255, 196/255, 68/255),
      (79/255, 120/255, 255/255),
      (112/255,193/255,179/255),
      (237/255,183/255,56/255),
      (229/255,82/255,97/255),
      (133/255,135/255,132/255),
      (153/255,0/255,250/255),
      (62/255,175/255,118/255),
      (191/255,172/255,5/255),
      (253/255,121/255,143/255),
      (193/255,74/255,9/255),
      (117/255,8/255,81/255),
      (33/255,71/255,97/255),
      (1/255,84/255,130/255)]
GMMHEVWEIGHTS = [ 0.07351722,  0.10542031,  0.10592277,  0.07861683,  0.08678998, 0.05375853,  0.10510674,  0.11076278,  0.10026208,  0.0793301 , 0.04878603,  0.05172663]
GMMHEVMEANS = [[-0.67851559,  0.33872435,  0.17982722, -0.13726534, -1.0111577 , -0.49943629, -0.52205083],
               [-0.38246443,  0.12262415, -0.37865019, -0.62135733, -0.72372115, 0.46840565,  0.2274354 ],
               [-0.03370997, -0.02359383, -0.79104027, -0.36362503, -0.39485739, 0.10563687, -0.29921969],
               [-0.84315192, -0.11731961,  1.75257279,  0.40883974, -0.32024106, -1.66953666, -1.32359614],
               [-0.28740985,  0.08108538,  0.25871888,  0.22267879, -0.39226205, 1.45445419,  1.4242893 ],
               [-1.12950796, -0.11193432,  1.01074858, -0.02856195, -0.36589783, -0.12498369,  0.31311646],
               [ 1.45887585, -0.08374697, -0.83860171, -0.29603477,  1.49117593, 0.09312521,  0.22022197],
               [ 1.32459196,  0.00364781, -0.556991  ,  0.1227355 ,  1.4914358 , 0.08925496,  0.23910446],
               [ 0.08786157, -0.05382755, -0.66165531,  0.7554081 , -0.21016085, 0.07698669, -0.26001524],
               [-1.51328354, -0.02405954,  1.66708146, -0.66463167, -0.7444697 , -0.65075221, -0.44657268],
               [ 0.83524862, -0.13371735, -0.55184106, -0.15750534,  0.33251435, -0.0929865 , -0.12612352],
               [ 0.18322097, -0.05823624,  0.16928136,  1.28997459,  0.23910924, 0.28573593,  0.48019878]]
GMMHEVCOVS =  [[[  1.61672165e-01,  -5.94014935e-02,  -9.62783543e-02, 5.86504455e-03,   1.47575240e-01,  -5.75885759e-02, -8.63314133e-02],
                [ -5.94014935e-02,   2.16595864e+00,   4.87094146e-02, 5.35558516e-02,  -6.68509497e-02,   1.36913910e-02,   5.27775693e-01],
                [ -9.62783543e-02,   4.87094146e-02,   3.25761863e-01, -9.13436220e-02,  -3.83564388e-02,  -1.37821222e-01,  -7.80767777e-02],
                [  5.86504455e-03,   5.35558516e-02,  -9.13436220e-02,  5.26755618e-01,  -3.13079157e-02,   8.26202750e-02,   7.93926202e-02],
                [  1.47575240e-01,  -6.68509497e-02,  -3.83564388e-02,  -3.13079157e-02,   2.79605600e-01,  -1.30582222e-01,  -1.65575558e-01],
                [ -5.75885759e-02,   1.36913910e-02,  -1.37821222e-01,  8.26202750e-02,  -1.30582222e-01,   4.73191605e-01,    4.66465300e-01],
                [ -8.63314133e-02,   5.27775693e-01,  -7.80767777e-02,  7.93926202e-02,  -1.65575558e-01,   4.66465300e-01,    6.17518192e-01]],

               [[  9.29874622e-02,  -2.54164221e-02,  -1.28586599e-02,  1.25564371e-02,   7.67060230e-02,  -2.97872845e-02,   -3.60144591e-02],
                [ -2.54164221e-02,   2.22821409e+00,  -2.13307151e-02,  -8.19857504e-02,   3.20777021e-03,  -3.05391645e-02,   5.46445965e-01],
                [ -1.28586599e-02,  -2.13307151e-02,   8.12984004e-02,  -5.94748956e-05,   1.51725377e-02,   1.16239775e-01,   1.32491728e-01],
                [  1.25564371e-02,  -8.19857504e-02,  -5.94748956e-05,  1.07368425e-01,   2.05566707e-02,   7.60960770e-04,   -2.18573831e-02],
                [  7.67060230e-02,   3.20777021e-03,   1.51725377e-02,  2.05566707e-02,   2.30345461e-01,   2.47035469e-02,    3.01498713e-02],
                [ -2.97872845e-02,  -3.05391645e-02,   1.16239775e-01,  7.60960770e-04,   2.47035469e-02,   4.41319714e-01,    4.78851403e-01],
                [ -3.60144591e-02,   5.46445965e-01,   1.32491728e-01,  -2.18573831e-02,   3.01498713e-02,   4.78851403e-01,   6.83037603e-01]],

               [[  1.09826868e-01,   1.00155435e-03,  -1.49713557e-03, 2.25510720e-02,   1.22282494e-01,  -1.10761249e-03,  2.23094392e-02],
                [  1.00155435e-03,   1.00759401e+00,   6.92262597e-03, -3.64840556e-02,  -7.43864696e-03,  -1.09694611e-02,  2.52189893e-01],
                [ -1.49713557e-03,   6.92262597e-03,   6.32621395e-03,  -3.64287338e-03,  -6.19616519e-04,   2.14754474e-03,  4.92656531e-03],
                [  2.25510720e-02,  -3.64840556e-02,  -3.64287338e-03,  2.72111273e-01,   2.23904495e-02,  -3.62681561e-03,  -9.26879142e-03],
                [  1.22282494e-01,  -7.43864696e-03,  -6.19616519e-04,  2.23904495e-02,   2.93930944e-01,   1.19214199e-03,   2.31037076e-02],
                [ -1.10761249e-03,  -1.09694611e-02,   2.14754474e-03,  -3.62681561e-03,   1.19214199e-03,   4.51133761e-02,  4.41664977e-02],
                [  2.23094392e-02,   2.52189893e-01,   4.92656531e-03,  -9.26879142e-03,   2.31037076e-02,   4.41664977e-02,  1.18509914e-01]],

               [[  3.86946788e-01,   4.05974999e-03,  -1.99639106e-01,  -8.10201078e-02,   4.16299748e-02,  -9.67415948e-02,  -1.08979458e-01],
                [  4.05974999e-03,   4.42689361e-01,   1.68350849e-03,   2.69721066e-02,   4.79305549e-03,   4.18875944e-02,   9.71012699e-02],
                [ -1.99639106e-01,   1.68350849e-03,   9.47135658e-01,   1.18581685e-01,  -2.28897328e-02,  -3.43100286e-01,  -1.50390167e-01],
                [ -8.10201078e-02,   2.69721066e-02,   1.18581685e-01,   1.13065846e+00,  -3.98986314e-02,   1.06519401e-01,   1.01399490e-01],
                [  4.16299748e-02,   4.79305549e-03,  -2.28897328e-02,  -3.98986314e-02,   1.52973209e-01,   1.14442490e-02,   2.65613294e-02],
                [ -9.67415948e-02,   4.18875944e-02,  -3.43100286e-01,   1.06519401e-01,   1.14442490e-02,   1.03977750e+00,   6.67715965e-01],
                [ -1.08979458e-01,   9.71012699e-02,  -1.50390167e-01,   1.01399490e-01,   2.65613294e-02,   6.67715965e-01,   5.28970737e-01]],

               [[  8.69231388e-02,  -6.84909793e-02,   7.97475531e-02,-1.18095992e-02,   3.37479314e-02,   7.31836578e-02, 8.11676268e-02],
                [ -6.84909793e-02,   8.04649848e-01,  -6.12749369e-02, -3.54262212e-02,  -8.04979464e-02,  -2.15271585e-02,  1.94139595e-01],
                [  7.97475531e-02,  -6.12749369e-02,   2.75745184e-01, -1.69402141e-01,   3.27222843e-02,   3.21620640e-01,  3.80115016e-01],
                [ -1.18095992e-02,  -3.54262212e-02,  -1.69402141e-01,  9.15517597e-01,  -5.38635103e-04,  -2.10444069e-01, -2.66452531e-01],
                [  3.37479314e-02,  -8.04979464e-02,   3.27222843e-02, -5.38635103e-04,   1.88790543e-01,   1.24466853e-02, -6.10216729e-03],
                [  7.31836578e-02,  -2.15271585e-02,   3.21620640e-01, -2.10444069e-01,   1.24466853e-02,   6.49135081e-01,  7.83737128e-01],
                [  8.11676268e-02,   1.94139595e-01,   3.80115016e-01, -2.66452531e-01,  -6.10216729e-03,   7.83737128e-01,  1.02233074e+00]],

               [[  3.98308973e-01,   6.00101207e-02,  -7.56309346e-02, -5.92870747e-02,   6.93544842e-02,   1.11969181e-01,  7.42472449e-02],
                [  6.00101207e-02,   1.78410646e+00,  -2.51060809e-02, -1.24462086e-03,  -1.12077615e-01,   7.54418325e-02,  5.10880672e-01],
                [ -7.56309346e-02,  -2.51060809e-02,   6.56317587e-01,  2.02670006e-01,   3.95165792e-02,  -2.65056243e-01, -1.69694861e-01],
                [ -5.92870747e-02,  -1.24462086e-03,   2.02670006e-01,  6.92490583e-01,  -6.64380349e-02,  -1.64563899e-01, -2.00697515e-01],
                [  6.93544842e-02,  -1.12077615e-01,   3.95165792e-02, -6.64380349e-02,   5.90040004e-01,   4.91042389e-03, -7.61501100e-02],
                [  1.11969181e-01,   7.54418325e-02,  -2.65056243e-01, -1.64563899e-01,   4.91042389e-03,   9.31055516e-01,  8.37495588e-01],
                [  7.42472449e-02,   5.10880672e-01,  -1.69694861e-01, -2.00697515e-01,  -7.61501100e-02,   8.37495588e-01,  1.14306098e+00]],

               [[  6.68600504e-02,  -4.80597340e-04,  -4.04080183e-03,  9.97328462e-03,   3.09508716e-03,  -5.84154330e-04,  3.59158300e-02],
                [ -4.80597340e-04,   3.24307261e-01,  -3.40202161e-03, -2.08437569e-02,   2.72172018e-03,   1.01923551e-03,  8.13641551e-02],
                [ -4.04080183e-03,  -3.40202161e-03,   7.78778921e-03, -1.00855726e-03,  -5.48651179e-04,   1.72624220e-03, -2.24277649e-04],
                [  9.97328462e-03,  -2.08437569e-02,  -1.00855726e-03,  2.82814932e-01,  -1.03841072e-02,   3.30645653e-03,  2.85158393e-03],
                [  3.09508716e-03,   2.72172018e-03,  -5.48651179e-04, -1.03841072e-02,   3.33686946e-02,  -3.00233811e-04,  1.94844701e-03],
                [ -5.84154330e-04,   1.01923551e-03,   1.72624220e-03,  3.30645653e-03,  -3.00233811e-04,   3.12201762e-02,  3.24733281e-02],
                [  3.59158300e-02,   8.13641551e-02,  -2.24277649e-04,  2.85158393e-03,   1.94844701e-03,   3.24733281e-02,  7.47988351e-02]],

               [[  1.03302009e-01,   6.53357458e-05,  -1.29611146e-02,  4.19884377e-02,  -5.15385818e-05,  -1.42118725e-02,  3.86887137e-02],
                [  6.53357458e-05,   3.53302966e-01,   1.05119948e-03,  4.19369111e-03,   6.39234049e-03,  -2.05736684e-02,  6.79007751e-02],
                [ -1.29611146e-02,   1.05119948e-03,   5.37818879e-02, -3.57693784e-02,   3.01933723e-03,   1.05335518e-02,  9.24455785e-03],
                [  4.19884377e-02,   4.19369111e-03,  -3.57693784e-02,  8.28280045e-01,  -2.57680236e-03,  -6.08033155e-03,  1.07204577e-02],
                [ -5.15385818e-05,   6.39234049e-03,   3.01933723e-03, -2.57680236e-03,   3.33382895e-02,   2.51301791e-03,  5.11492302e-03],
                [ -1.42118725e-02,  -2.05736684e-02,   1.05335518e-02, -6.08033155e-03,   2.51301791e-03,   3.30750443e-01,  3.25023742e-01],
                [  3.86887137e-02,   6.79007751e-02,   9.24455785e-03,  1.07204577e-02,   5.11492302e-03,   3.25023742e-01,  3.73487869e-01]],

               [[  1.69612827e-01,  -4.88370312e-03,  -1.43295741e-02,  8.62723633e-02,   1.72860689e-01,  -6.13257218e-03,  2.81143177e-02],
                [ -4.88370312e-03,   3.88909928e-01,  -1.66702770e-03,  2.66789460e-02,  -1.14185018e-02,   1.14210517e-02,  1.07095593e-01],
                [ -1.43295741e-02,  -1.66702770e-03,   2.10977771e-02, -3.75930087e-02,  -4.82097689e-03,   3.79192146e-03,  3.53815178e-03],
                [  8.62723633e-02,   2.66789460e-02,  -3.75930087e-02,  1.45421304e+00,   6.38117934e-02,   3.46997306e-02,  5.12611790e-02],
                [  1.72860689e-01,  -1.14185018e-02,  -4.82097689e-03,  6.38117934e-02,   3.80530486e-01,   2.19427092e-02,  5.08128314e-02],
                [ -6.13257218e-03,   1.14210517e-02,   3.79192146e-03,  3.46997306e-02,   2.19427092e-02,   1.60789014e-01,  1.63287860e-01],
                [  2.81143177e-02,   1.07095593e-01,   3.53815178e-03,  5.12611790e-02,   5.08128314e-02,   1.63287860e-01,  2.01010926e-01]],

               [[  1.37409411e-01,   4.80004266e-02,   9.25982493e-02,  2.98739773e-03,  -1.61969498e-03,   5.36347767e-03, -7.77846358e-03],
                [  4.80004266e-02,   1.88063264e+00,   4.53826877e-02, -4.46748204e-03,   2.14700677e-02,   8.92636708e-03,  3.86373206e-01],
                [  9.25982493e-02,   4.53826877e-02,   4.31184020e-01,  6.36369235e-02,   1.40570468e-01,  -1.90087547e-01, -1.93067584e-01],
                [  2.98739773e-03,  -4.46748204e-03,   6.36369235e-02,  1.20247780e-01,   3.04123114e-02,  -2.82056112e-02, -3.45605993e-02],
                [ -1.61969498e-03,   2.14700677e-02,   1.40570468e-01,  3.04123114e-02,   2.59152264e-01,  -7.19360624e-02, -6.24168594e-02],
                [  5.36347767e-03,   8.92636708e-03,  -1.90087547e-01, -2.82056112e-02,  -7.19360624e-02,   4.19992512e-01,  4.11193382e-01],
                [ -7.77846358e-03,   3.86373206e-01,  -1.93067584e-01, -3.45605993e-02,  -6.24168594e-02,   4.11193382e-01,  5.50661552e-01]],

               [[  2.32280534e-01,  -3.67530069e-02,  -4.60601350e-02, -2.79506060e-02,   1.30030195e-01,  -1.85663691e-02,  6.42178431e-02],
                [ -3.67530069e-02,   3.91247589e-01,   1.82844362e-03,  1.48055710e-02,  -6.56629194e-02,   5.20454868e-02,  1.29687187e-01],
                [ -4.60601350e-02,   1.82844362e-03,   4.91719454e-02,  1.04823129e-02,   2.00928482e-03,  -3.94485319e-02, -4.54942194e-02],
                [ -2.79506060e-02,   1.48055710e-02,   1.04823129e-02,  2.96204791e-01,  -5.08434650e-02,   9.72342580e-02,  9.41667530e-02],
                [  1.30030195e-01,  -6.56629194e-02,   2.00928482e-03, -5.08434650e-02,   6.62129864e-01,  -2.50066476e-01, -1.78245506e-01],
                [ -1.85663691e-02,   5.20454868e-02,  -3.94485319e-02,  9.72342580e-02,  -2.50066476e-01,   6.57181295e-01,  6.23999676e-01],
                [  6.42178431e-02,   1.29687187e-01,  -4.54942194e-02,  9.41667530e-02,  -1.78245506e-01,   6.23999676e-01,  6.59109859e-01]],

               [[  6.48082249e-01,  -9.81967650e-03,  -1.46370376e-01, -2.70010797e-01,   5.56584229e-01,  -4.81975724e-02,  3.49653339e-02],
                [ -9.81967650e-03,   2.77671413e-01,   1.74496424e-02, -1.22312313e-02,   2.03863321e-02,   1.00911091e-01,  1.77768730e-01],
                [ -1.46370376e-01,   1.74496424e-02,   2.94129754e-01, -4.88500395e-02,  -1.75436124e-02,   7.85345824e-02,  1.51180504e-01],
                [ -2.70010797e-01,  -1.22312313e-02,  -4.88500395e-02,  2.98378945e+00,  -5.21134185e-01,  -1.69533716e-01, -3.21172512e-01],
                [  5.56584229e-01,   2.03863321e-02,  -1.75436124e-02, -5.21134185e-01,   9.76650663e-01,   8.73563022e-02,  1.87973866e-01],
                [ -4.81975724e-02,   1.00911091e-01,   7.85345824e-02, -1.69533716e-01,   8.73563022e-02,   2.09869963e+00,  2.14526892e+00],
                [  3.49653339e-02,   1.77768730e-01,   1.51180504e-01, -3.21172512e-01,   1.87973866e-01,   2.14526892e+00,  2.33707271e+00]]]
GMMEVWEIGHTS = [ 0.06159514,  0.05781621,  0.06328989,  0.06484746,  0.03129168,  0.01933111,  0.03697587,  0.06205641,  0.05624578,  0.08992305,  0.05673945,  0.03129325,  0.02894997,  0.04486754,  0.0358035 ,  0.03480946,  0.08093921,  0.05002042,  0.0932046 ]
GMMEVMEANS =  [[-0.08780757,  0.49797238, -0.61957175,  0.5434244 , -0.27413921,  0.18289571,  0.73023431],
               [ 1.67759945, -0.04551839, -0.8203021 , -1.25753948,  1.52999183, -0.03108696, -0.38385097],
               [-1.17804557,  0.55316747,  1.11965323, -0.19115936, -1.11132745, -0.42591362, -0.18381402],
               [-0.69565541,  0.40244419,  0.29680185, -0.38299018, -0.59365223,  1.0690614 ,  1.22449415],
               [-0.24807703, -0.0368718 ,  1.8558043 , -0.20216173,  0.34436705, -1.11552265, -1.05903667],
               [ 0.24802326,  0.02891185,  1.33452725,  0.59975442,  0.38739938,  2.31481841,  1.22619861],
               [-0.45502192, -0.12743763,  0.02449382,  0.95864737, -0.51248839, -0.77367854, -0.78878497],
               [ 1.60727433, -0.09608387, -0.79593756,  0.15197031,  1.51313296, -0.01859144,  0.14300578],
               [ 0.05028311, -0.15527592, -0.31721468, -0.39536964, -0.00318609, -0.71376367, -0.81240402],
               [-0.25229025, -0.27473044, -0.82012295,  0.22431374, -0.4498345 , -0.16865854, -0.06374525],
               [-0.52701842, -0.04699521,  0.73520794,  1.08914938, -0.39325956,  1.40003324,  1.32228801],
               [-0.64459343, -0.70942837, -0.05916475,  1.33470131, -0.81347028,  0.5743089 ,  0.52744877],
               [-1.15857832, -0.38882336,  1.23193552,  1.3255624 , -0.75958767, -0.7325736 , -0.03743212],
               [-0.23991441,  0.34077995, -0.6081693 , -1.0454134 , -0.3803988 , -0.12831911, -0.00735406],
               [ 0.06419179, -0.11322939,  0.40386463, -0.80516968, -0.07334297,  1.06861234,  0.37139217],
               [ 0.47254654,  0.00780897, -0.73076701, -1.15959934,  0.05054207,  0.12329187,  0.01004692],
               [-0.54481961, -0.16839678, -0.48337692,  0.70607232, -0.71939851, -0.17075502, -0.12045405],
               [-0.86118268,  0.06220404,  1.5813955 , -0.54359214, -0.31350373, -1.41452394, -1.43423994],
               [ 1.36147695, -0.0574897 , -0.33951246, -0.3521877 ,  1.5271501 , -0.01632947, -0.29698999]]
GMMEVCOVS = [[[  2.55326745e-01,  -2.88204583e-01,  -1.62465430e-02,   1.07717660e-02,   2.37663279e-01,  -3.90048287e-02,  -1.49653787e-01],
        [ -2.88204583e-01,   1.11133814e+00,  -3.71919330e-02,   2.38982480e-02,  -3.63324046e-01,  -3.61236263e-02,   3.23877481e-01],
        [ -1.62465430e-02,  -3.71919330e-02,   3.40722657e-02,   7.60302500e-03,  -6.24215022e-03,   3.97491793e-02,   2.30335361e-02],
        [  1.07717660e-02,   2.38982480e-02,   7.60302500e-03,   3.62391323e-01,   1.31385105e-02,   1.05780505e-02,   4.02666060e-02],
        [  2.37663279e-01,  -3.63324046e-01,  -6.24215022e-03,   1.31385105e-02,   3.95932942e-01,  -2.74553408e-02,  -1.49022048e-01],
        [ -3.90048287e-02,  -3.61236263e-02,   3.97491793e-02,   1.05780505e-02,  -2.74553408e-02,   1.13239179e-01,   1.22030768e-01],
        [ -1.49653787e-01,   3.23877481e-01,   2.30335361e-02,   4.02666060e-02,  -1.49022048e-01,   1.22030768e-01,   2.98932380e-01]],

       [[  8.24680255e-02,   2.15203236e-02,  -2.58795784e-03,   6.95483734e-03,   7.37681011e-04,  -6.73187813e-03,  -2.13784144e-02],
        [  2.15203236e-02,   2.26471886e-01,   5.72578597e-03,  -1.07316335e-02,  -5.36425545e-03,   4.22128724e-03,  -1.42429083e-02],
        [ -2.58795784e-03,   5.72578597e-03,   2.26282482e-02,   3.08979040e-03,   5.41635888e-04,   1.33917874e-02,  -2.81747365e-03],
        [  6.95483734e-03,  -1.07316335e-02,   3.08979040e-03,   1.43648948e-01,  -3.53090658e-03,  -8.36469321e-03,   8.96468348e-02],
        [  7.37681011e-04,  -5.36425545e-03,   5.41635888e-04,  -3.53090658e-03,   3.42866963e-02,   1.31788530e-03,  -4.14857525e-03],
        [ -6.73187813e-03,   4.22128724e-03,   1.33917874e-02,  -8.36469321e-03,   1.31788530e-03,   8.05142086e-02,   4.21545262e-03],
        [ -2.13784144e-02,  -1.42429083e-02,  -2.81747365e-03,   8.96468348e-02,  -4.14857525e-03,   4.21545262e-03,   7.11419063e-02]],

       [[  1.69032604e-01,  -7.45538678e-02,  -6.45415714e-02,   4.43788377e-02,   1.14818954e-01,   1.90223448e-02,  -6.35384003e-02],
        [ -7.45538678e-02,   2.23062632e+00,   1.17076370e-01,  -8.37053462e-02,  -7.29764806e-02,  -2.19151085e-01,   4.40434977e-01],
        [ -6.45415714e-02,   1.17076370e-01,   7.86280573e-01,   7.07630686e-02,   5.57605272e-02,  -3.10854527e-01,  -2.29695746e-01],
        [  4.43788377e-02,  -8.37053462e-02,   7.07630686e-02,   7.69733061e-01,   7.05992591e-02,   7.25237578e-02,   2.58323066e-01],
        [  1.14818954e-01,  -7.29764806e-02,   5.57605272e-02,   7.05992591e-02,   2.31744132e-01,  -2.05046672e-02,  -8.03656524e-02],
        [  1.90223448e-02,  -2.19151085e-01,  -3.10854527e-01,   7.25237578e-02,  -2.05046672e-02,   5.04421162e-01,   4.18024629e-01],
        [ -6.35384003e-02,   4.40434977e-01,  -2.29695746e-01,   2.58323066e-01,  -8.03656524e-02,   4.18024629e-01,   7.30850535e-01]],

       [[  6.17152003e-02,  -1.07027943e-01,   3.37399961e-03,  -2.20840009e-02,   4.98557400e-02,   3.26797529e-03,  -7.88026041e-02],
        [ -1.07027943e-01,   1.02069938e+00,  -3.86141876e-02,   1.65697391e-01,  -1.84939108e-01,   2.70470899e-02,   4.12757341e-01],
        [  3.37399961e-03,  -3.86141876e-02,   2.12931282e-01,   4.24242943e-02,   3.92862907e-02,   1.71799651e-01,   1.27721679e-01],
        [ -2.20840009e-02,   1.65697391e-01,   4.24242943e-02,   5.86813939e-01,  -2.67398042e-02,   7.98862079e-02,   4.04910844e-01],
        [  4.98557400e-02,  -1.84939108e-01,   3.92862907e-02,  -2.67398042e-02,   1.97039789e-01,   3.13704638e-02,  -6.13890769e-02],
        [  3.26797529e-03,   2.70470899e-02,   1.71799651e-01,   7.98862079e-02,   3.13704638e-02,   2.86926594e-01,   2.66698497e-01],
        [ -7.88026041e-02,   4.12757341e-01,   1.27721679e-01,   4.04910844e-01,  -6.13890769e-02,   2.66698497e-01,   6.64864331e-01]],

       [[  8.70906972e-01,  -5.73173122e-03,  -6.49371254e-01,  -1.22758814e-01,   3.96853959e-01,   1.10243448e-01,   8.03280564e-03],
        [ -5.73173122e-03,   4.65289354e-01,  -7.21380625e-02,   4.66800474e-02,   7.39616244e-02,   1.61286912e-01,   2.15797199e-01],
        [ -6.49371254e-01,  -7.21380625e-02,   1.68344366e+00,  -6.03359389e-02,  -2.02131052e-01,  -6.47910568e-01,  -4.11305400e-01],
        [ -1.22758814e-01,   4.66800474e-02,  -6.03359389e-02,   9.31029370e-01,  -1.02100665e-01,   3.83451312e-01,   5.20337908e-01],
        [  3.96853959e-01,   7.39616244e-02,  -2.02131052e-01,  -1.02100665e-01,   6.90112676e-01,   7.07972587e-02,  -1.47925657e-02],
        [  1.10243448e-01,   1.61286912e-01,  -6.47910568e-01,   3.83451312e-01,   7.07972587e-02,   2.01531700e+00,   1.48445514e+00],
        [  8.03280564e-03,   2.15797199e-01,  -4.11305400e-01,   5.20337908e-01,  -1.47925657e-02,   1.48445514e+00,   1.30702412e+00]],

       [[  3.59286592e-01,   2.06890073e-02,  -2.32239193e-01,   1.62455637e-01,   3.05124730e-01,  -2.61103049e-01,  -3.10564983e-01],
        [  2.06890073e-02,   7.14932226e-01,  -3.23421012e-01,  -1.39099480e-01,   6.45893729e-02,  -3.16874275e-01,  -2.22578690e-02],
        [ -2.32239193e-01,  -3.23421012e-01,   8.23745576e-01,   2.40454251e-02,  -3.89677999e-01,   5.66874563e-01,   2.01943821e-01],
        [  1.62455637e-01,  -1.39099480e-01,   2.40454251e-02,   4.58395308e-01,   1.06765708e-01,   6.22483153e-02,  -9.35694957e-02],
        [  3.05124730e-01,   6.45893729e-02,  -3.89677999e-01,   1.06765708e-01,   7.30067661e-01,  -1.85790065e-01,  -2.58564762e-01],
        [ -2.61103049e-01,  -3.16874275e-01,   5.66874563e-01,   6.22483153e-02,  -1.85790065e-01,   1.15068762e+00,   3.17022188e-01],
        [ -3.10564983e-01,  -2.22578690e-02,   2.01943821e-01,  -9.35694957e-02,  -2.58564762e-01,   3.17022188e-01,   3.02500789e-01]],

       [[  2.06999381e-01,  -2.37684455e-02,  -1.22534351e-01,   3.61541789e-02,   1.00883168e-01,  -3.91318941e-03,   1.84782501e-02],
        [ -2.37684455e-02,   9.05579475e-01,   1.09511124e-02,  -1.80738244e-02,   1.58154256e-02,  -5.78176701e-02,   2.32231787e-01],
        [ -1.22534351e-01,   1.09511124e-02,   2.21151889e-01,  -6.95566571e-02,  -3.38040947e-02,  -1.20573819e-01,  -1.65214484e-01],
        [  3.61541789e-02,  -1.80738244e-02,  -6.95566571e-02,   1.50702036e-01,   1.48147782e-02,   7.76297334e-02,   1.46703545e-01],
        [  1.00883168e-01,   1.58154256e-02,  -3.38040947e-02,   1.48147782e-02,   2.40851564e-01,  -7.64737299e-04,   1.13505452e-03],
        [ -3.91318941e-03,  -5.78176701e-02,  -1.20573819e-01,   7.76297334e-02,  -7.64737299e-04,   5.01718479e-01,   5.14433468e-01],
        [  1.84782501e-02,   2.32231787e-01,  -1.65214484e-01,   1.46703545e-01,   1.13505452e-03,   5.14433468e-01,   7.31767890e-01]],

       [[  1.03790678e-01,  -1.63288542e-02,  -8.98505011e-03,   2.30256424e-02,  -4.44112994e-04,  -1.60040881e-02,  -3.51770622e-02],
        [ -1.63288542e-02,   5.05322436e-01,  -1.92852857e-03,   2.09547096e-02,   2.72280703e-02,  -1.30683110e-02,   3.21209329e-02],
        [ -8.98505011e-03,  -1.92852857e-03,   2.21185857e-02,   5.40883143e-03,   6.88141836e-04,   1.58670327e-02,  -4.67282037e-05],
        [  2.30256424e-02,   2.09547096e-02,   5.40883143e-03,   3.38405249e-01,  -3.71459849e-03,   7.47929318e-03,   4.42526842e-02],
        [ -4.44112994e-04,   2.72280703e-02,   6.88141836e-04,  -3.71459849e-03,   3.45762439e-02,  -2.21115193e-03,   1.00551619e-03],
        [ -1.60040881e-02,  -1.30683110e-02,   1.58670327e-02,   7.47929318e-03,  -2.21115193e-03,   6.87538855e-02,   1.78785368e-02],
        [ -3.51770622e-02,   3.21209329e-02,  -4.67282037e-05,   4.42526842e-02,   1.00551619e-03,   1.78785368e-02,   3.63677079e-02]],

       [[  6.82680957e-01,  -4.98397711e-02,  -2.71967828e-02,  -1.16149184e-01,   3.68042621e-01,  -2.29738567e-01,  -2.00482537e-01],
        [ -4.98397711e-02,   2.40758008e-01,   1.93028002e-02,   3.40458694e-02,  -8.36470620e-02,   1.73868681e-02,   7.46131426e-02],
        [ -2.71967828e-02,   1.93028002e-02,   9.52365665e-02,  -3.93362488e-02,   3.45660785e-02,  -8.67031478e-02,  -9.77264670e-02],
        [ -1.16149184e-01,   3.40458694e-02,  -3.93362488e-02,   7.08839183e-01,  -4.78820009e-02,   1.59557750e-01,   2.73989229e-01],
        [  3.68042621e-01,  -8.36470620e-02,   3.45660785e-02,  -4.78820009e-02,   7.22875946e-01,  -1.55462685e-01,  -1.77936258e-01],
        [ -2.29738567e-01,   1.73868681e-02,  -8.67031478e-02,   1.59557750e-01,  -1.55462685e-01,   4.27284517e-01,   4.36023952e-01],
        [ -2.00482537e-01,   7.46131426e-02,  -9.77264670e-02,   2.73989229e-01,  -1.77936258e-01,   4.36023952e-01,   5.30687516e-01]],

       [[  1.50221611e-01,  -1.26959160e-02,  -4.64759303e-03,  -3.95141456e-03,   1.36013867e-01,  -1.36836313e-02,   2.80014420e-02],
        [ -1.26959160e-02,   6.01009032e-01,   9.47316856e-04,  -2.83353405e-02,   4.40491254e-03,  -2.48041748e-02,   2.39830544e-01],
        [ -4.64759303e-03,   9.47316856e-04,   8.10547353e-03,   1.91508999e-03,  -1.84869602e-03,  -6.36486860e-03,  -1.22546513e-02],
        [ -3.95141456e-03,  -2.83353405e-02,   1.91508999e-03,   6.71380065e-01,  -3.16172848e-02,   1.56445989e-02,   1.90407461e-02],
        [  1.36013867e-01,   4.40491254e-03,  -1.84869602e-03,  -3.16172848e-02,   2.88091875e-01,  -1.15690041e-02,   2.70487232e-02],
        [ -1.36836313e-02,  -2.48041748e-02,  -6.36486860e-03,   1.56445989e-02,  -1.15690041e-02,   3.92738442e-02,   4.92148882e-02],
        [  2.80014420e-02,   2.39830544e-01,  -1.22546513e-02,   1.90407461e-02,   2.70487232e-02,   4.92148882e-02,   2.15315083e-01]],

       [[  9.56994505e-02,  -5.84162899e-02,   1.04558602e-01,  -1.08411584e-02,   6.20782619e-03,   3.17366951e-02,  -7.19881613e-02],
        [ -5.84162899e-02,   1.02004876e+00,  -8.31277475e-02,  -3.20631904e-02,  -1.33967962e-02,  -7.80031087e-02,   1.84045879e-01],
        [  1.04558602e-01,  -8.31277475e-02,   4.47717278e-01,   7.57977795e-02,   3.74944455e-02,   3.42886071e-01,   1.60188142e-01],
        [ -1.08411584e-02,  -3.20631904e-02,   7.57977795e-02,   2.06246571e-01,   7.03431383e-03,   1.09464146e-01,   1.19160219e-01],
        [  6.20782619e-03,  -1.33967962e-02,   3.74944455e-02,   7.03431383e-03,   1.46795646e-01,   3.58682962e-02,   4.05385787e-02],
        [  3.17366951e-02,  -7.80031087e-02,   3.42886071e-01,   1.09464146e-01,   3.58682962e-02,   5.65229166e-01,   3.56318840e-01],
        [ -7.19881613e-02,   1.84045879e-01,   1.60188142e-01,   1.19160219e-01,   4.05385787e-02,   3.56318840e-01,   5.03701645e-01]],

       [[  1.87477261e-01,   2.16309171e-01,  -2.44914094e-02,  -3.82478016e-02,   1.68286415e-01,   2.11021894e-02,   3.98222494e-02],
        [  2.16309171e-01,   3.54110714e+00,  -6.68706519e-03,  -2.47534855e-01,   2.44824075e-01,   1.43520432e-02,   9.12788428e-01],
        [ -2.44914094e-02,  -6.68706519e-03,   1.75540060e-01,   4.87323411e-03,  -2.15953464e-02,   1.28466694e-01,   1.90131812e-01],
        [ -3.82478016e-02,  -2.47534855e-01,   4.87323411e-03,   9.81271373e-02,  -3.87913871e-02,   2.14547461e-03,  -5.25898976e-02],
        [  1.68286415e-01,   2.44824075e-01,  -2.15953464e-02,  -3.87913871e-02,   2.81846564e-01,   5.84671277e-03,   2.97695538e-02],
        [  2.11021894e-02,   1.43520432e-02,   1.28466694e-01,   2.14547461e-03,   5.84671277e-03,   2.69624278e-01,   2.88685143e-01],
        [  3.98222494e-02,   9.12788428e-01,   1.90131812e-01,  -5.25898976e-02,   2.97695538e-02,   2.88685143e-01,   6.48273445e-01]],

       [[  1.55032103e-01,  -2.12704657e-02,  -5.86520660e-05,  -1.84472794e-02,   1.01544884e-01,  -1.51769052e-01,  -2.22202990e-01],
        [ -2.12704657e-02,   1.30624942e+00,  -5.50259580e-02,  -6.54280984e-02,   2.25264743e-02,  -1.50252151e-02,   2.67542340e-01],
        [ -5.86520660e-05,  -5.50259580e-02,   6.17514601e-01,  -5.41472854e-02,   1.02895573e-01,  -2.89976183e-01,  -2.09719660e-01],
        [ -1.84472794e-02,  -6.54280984e-02,  -5.41472854e-02,   7.02368103e-02,  -2.56319531e-02,   3.96916841e-02,   1.33520017e-01],
        [  1.01544884e-01,   2.25264743e-02,   1.02895573e-01,  -2.56319531e-02,   4.53281446e-01,  -6.10227978e-02,  -5.41944602e-02],
        [ -1.51769052e-01,  -1.50252151e-02,  -2.89976183e-01,   3.96916841e-02,  -6.10227978e-02,   6.87224263e-01,   6.57952716e-01],
        [ -2.22202990e-01,   2.67542340e-01,  -2.09719660e-01,   1.33520017e-01,  -5.41944602e-02,   6.57952716e-01,   1.10002532e+00]],

       [[  2.12063225e-01,  -2.62584381e-01,  -1.76275848e-03,  -5.16285489e-03,   2.11525401e-01,  -1.48751622e-02,  -1.19193013e-01],
        [ -2.62584381e-01,   1.24262007e+00,  -1.83129702e-02,   1.05207523e-01,  -2.85040205e-01,  -2.91225609e-02,   4.29103638e-01],
        [ -1.76275848e-03,  -1.83129702e-02,   3.01623637e-02,   1.78864578e-02,   1.41776579e-02,  -1.95907882e-03,  -1.66458244e-02],
        [ -5.16285489e-03,   1.05207523e-01,   1.78864578e-02,   2.22475721e-01,   1.87228502e-02,  -4.58253931e-03,   1.13457582e-01],
        [  2.11525401e-01,  -2.85040205e-01,   1.41776579e-02,   1.87228502e-02,   3.38283427e-01,  -2.13535673e-02,  -1.25504815e-01],
        [ -1.48751622e-02,  -2.91225609e-02,  -1.95907882e-03,  -4.58253931e-03,  -2.13535673e-02,   1.45738956e-01,   1.52150871e-01],
        [ -1.19193013e-01,   4.29103638e-01,  -1.66458244e-02,   1.13457582e-01,  -1.25504815e-01,   1.52150871e-01,   4.00238580e-01]],

       [[  4.42988801e-01,   4.00396747e-02,  -2.68255058e-01,    4.63344038e-02,  -8.03559542e-02,  -1.46820266e-01,   -2.20171232e-01],
        [  4.00396747e-02,   2.39362457e-01,  -8.99597398e-02,   -4.75221331e-02,   4.74804796e-02,  -6.80488123e-02,   -4.22408001e-02],
        [ -2.68255058e-01,  -8.99597398e-02,   5.38388497e-01,   -7.52128573e-02,   6.04383489e-02,   3.59578379e-01,    1.78750926e-01],
        [  4.63344038e-02,  -4.75221331e-02,  -7.52128573e-02,    4.32203698e-01,  -3.66086163e-02,  -1.28402393e-01,    1.55641177e-01],
        [ -8.03559542e-02,   4.74804796e-02,   6.04383489e-02,   -3.66086163e-02,   3.15461111e-01,  -6.38917894e-02,    3.13460205e-03],
        [ -1.46820266e-01,  -6.80488123e-02,   3.59578379e-01,   -1.28402393e-01,  -6.38917894e-02,   6.77281631e-01,    2.62472924e-01],
        [ -2.20171232e-01,  -4.22408001e-02,   1.78750926e-01,    1.55641177e-01,   3.13460205e-03,   2.62472924e-01,    3.75798245e-01]],

       [[  4.74933009e-01,  -5.26620349e-02,  -3.83023226e-02,   8.20385641e-02,   1.88341347e-01,  -4.95674444e-02,  -8.25015896e-02],
        [ -5.26620349e-02,   2.39676128e-01,   3.01749122e-03,   3.46356879e-02,  -4.51127559e-02,  -2.66056506e-04,   4.68801177e-02],
        [ -3.83023226e-02,   3.01749122e-03,   2.76180534e-02,  -6.91675815e-03,  -1.26024511e-02,   3.48078049e-02,   7.75219458e-03],
        [  8.20385641e-02,   3.46356879e-02,  -6.91675815e-03,   2.27961256e-01,   6.29686079e-02,   5.86606045e-03,   1.25210624e-01],
        [  1.88341347e-01,  -4.51127559e-02,  -1.26024511e-02,   6.29686079e-02,   3.68612175e-01,  -2.76740107e-02,  -5.83924404e-04],
        [ -4.95674444e-02,  -2.66056506e-04,   3.48078049e-02,   5.86606045e-03,  -2.76740107e-02,   9.30850318e-02,   4.34254900e-02],
        [ -8.25015896e-02,   4.68801177e-02,   7.75219458e-03,   1.25210624e-01,  -5.83924404e-04,   4.34254900e-02,   1.41249934e-01]],

       [[  8.78417887e-02,  -4.11501269e-02,  -6.63930921e-03,    7.65894206e-03,   5.06464732e-02,  -1.00725831e-04,   -9.12721556e-03],
        [ -4.11501269e-02,   1.45718538e+00,   5.42472459e-02,   -7.75888367e-02,   2.81234752e-02,  -7.97798376e-02,    4.69178300e-01],
        [ -6.63930921e-03,   5.42472459e-02,   4.36462297e-02,   -4.98785129e-02,   5.63631138e-03,  -9.29655964e-03,    8.79818522e-03],
        [  7.65894206e-03,  -7.75888367e-02,  -4.98785129e-02,    3.45680045e-01,  -3.95622109e-03,   3.42817031e-02,    3.16083931e-02],
        [  5.06464732e-02,   2.81234752e-02,   5.63631138e-03,   -3.95622109e-03,   1.74713992e-01,   6.24590589e-03,    2.06009197e-02],
        [ -1.00725831e-04,  -7.97798376e-02,  -9.29655964e-03,    3.42817031e-02,   6.24590589e-03,   1.65472253e-01,    2.13251638e-01],
        [ -9.12721556e-03,   4.69178300e-01,   8.79818522e-03,    3.16083931e-02,   2.06009197e-02,   2.13251638e-01,    5.23751519e-01]],

       [[  2.65172350e-01,  -1.38674743e-03,  -5.86128813e-02,   -9.63326623e-02,  -3.34559166e-02,  -1.74080509e-01,   -1.96092259e-01],
        [ -1.38674743e-03,   6.42173905e-01,  -4.44587912e-02,    4.26695989e-02,  -2.11259022e-02,   3.96211555e-02,    2.39785434e-01],
        [ -5.86128813e-02,  -4.44587912e-02,   1.51492958e+00,   -5.95880875e-02,   1.92914831e-02,  -7.44161151e-01,   -6.97546166e-01],
        [ -9.63326623e-02,   4.26695989e-02,  -5.95880875e-02,    6.12862804e-01,   2.96650061e-02,   1.52978811e-01,    2.86152443e-01],
        [ -3.34559166e-02,  -2.11259022e-02,   1.92914831e-02,    2.96650061e-02,   9.42468145e-02,   7.53139242e-02,    7.65548851e-02],
        [ -1.74080509e-01,   3.96211555e-02,  -7.44161151e-01,    1.52978811e-01,   7.53139242e-02,   1.15625706e+00,    1.23532503e+00],
        [ -1.96092259e-01,   2.39785434e-01,  -6.97546166e-01,    2.86152443e-01,   7.65548851e-02,   1.23532503e+00,    1.48103025e+00]],

       [[  1.35004911e-01,  -1.43495305e-02,  -2.22421723e-03,   -3.12387984e-02,   2.06193219e-03,  -4.85067599e-02,   -4.73387851e-02],
        [ -1.43495305e-02,   3.84655176e-01,   6.70247298e-03,   -1.69709838e-02,   2.24029164e-03,   7.47376543e-03,    3.07591904e-02],
        [ -2.22421723e-03,   6.70247298e-03,   1.30792685e-01,    3.34573177e-02,   6.25753970e-03,   1.04910018e-01,    2.20550115e-02],
        [ -3.12387984e-02,  -1.69709838e-02,   3.34573177e-02,    8.08077307e-01,   1.20246628e-03,   1.64881949e-01,    2.94757108e-01],
        [  2.06193219e-03,   2.24029164e-03,   6.25753970e-03,    1.20246628e-03,   3.43772986e-02,   1.02404865e-02,    3.52727636e-03],
        [ -4.85067599e-02,   7.47376543e-03,   1.04910018e-01,    1.64881949e-01,   1.02404865e-02,   5.44823568e-01,    2.40910219e-01],
        [ -4.73387851e-02,   3.07591904e-02,   2.20550115e-02,    2.94757108e-01,   3.52727636e-03,   2.40910219e-01,    2.37410721e-01]]]

HEVAVGSPD = 19.533041942764537
HEVSTDSPD = 8.2521344242471031
HEVMINSPD = 0.48511132579826399
HEVMAXSPD = 39.443451580887498
HEVAVGGRADE = 0.00020593915908034198
HEVSTDGRADE = 0.0059289782414313008
HEVMINGRADE = -0.058489358896740298
HEVMAXGRADE = 0.036797213841120301
HEVAVGINSOC = 0.60554903800545334
HEVSTDINSOC = 0.037245214871438441
HEVMININSOC = 0.54999345758289209
HEVMAXINSOC = 0.80014390555684212
HEVAVGSPDLM = 21.290509268795052
HEVSTDSPDLM = 6.0615393022325073
HEVMINSPDLM = 11.175999999999998
HEVMAXSPDLM = 31.2928
HEVAVGSSPD =  2.2507025122369311
HEVSTDSSPD =  2.328819236341598
HEVMINSSPD =  0.0089772114279695094
HEVMAXSSPD =  13.274182579644599
HEVAVGDE =  -54.530342358520926
HEVSTDDE =  723.93938973006232
HEVMINDE =  -4452.646155150519
HEVMAXDE = 3565.9241198132158
HEVAVGRE = 0.078593697693492892
HEVSTDRE = 0.042380857948855107

EVAVGSPD = 20.497523343917983
EVSTDSPD = 6.8348648098891314
EVMINSPD = 2.9792840661021298
EVMAXSPD = 38.579227042543899
EVAVGGRADE = 0.00032901621873459197
EVSTDGRADE = 0.0062032276256189442
EVMINGRADE = -0.058489358896740298
EVMAXGRADE = 0.036797213841120301
EVAVGINSOC = 0.50844688888660627
EVSTDINSOC = 0.25559164769222292
EVMININSOC = 0.0051515034844499498
EVMAXINSOC = 0.99594775115846412
EVAVGSPDLM = 21.076885962920922
EVSTDSPDLM = 6.0119990443424802
EVMINSPDLM = 11.175999999999998
EVMAXSPDLM = 31.2928
EVAVGSSPD = 1.6872803593350727
EVSTDSSPD = 1.6341925917996201
EVMINSSPD =  0.0090628790571927499
EVMAXSSPD =  10.2630206438561
EVAVGDE =  68.455759984613451
EVSTDDE =  692.2262837365904
EVMINDE =  -3530.7099021400163
EVMAXDE = 3726.1420894600769
EVAVGRE = 0.057240958713350075
EVSTDRE = 0.028897759370756112
